0.09	 0.38	1
0.32	 0.16	1
0.79	 0.02	1
0.84	 0.19	1
0.07	 0.12	1
0.44	 0.39	1
0.32	 0.71	1
0.63	 0.53	1
0.26	 0.21	1
0.93	 0.06	1
0.91	 0.16	1
0.44	 0.23	1
0.76	 0.47	1
0.23	 0.20	1
0.12	 0.70	1
0.55	 0.64	1
0.20	 0.86	1
0.88	 0.51	1
0.37	 0.97	1
0.14	 0.36	1
0.52	 0.79	1
0.31	 0.49	1
0.97	 0.01	1
0.59	 0.02	1
0.15	 0.43	1
0.73	 0.91	1
0.35	 0.09	1
0.47	 0.65	1
0.54	 0.24	1
0.15	 0.78	1
0.58	 0.63	1
0.74	 0.65	1
0.21	 0.40	1
0.26	 0.48	1
0.72	 0.23	1
0.33	 0.56	1
0.04	 0.14	1
0.43	 0.29	1
1.00	 0.70	1
0.82	 0.52	1
0.97	 0.11	1
0.35	 0.14	1
0.18	 0.89	1
0.16	 0.59	1
0.10	 0.12	1
0.26	 0.43	1
0.60	 0.80	1
0.68	 0.64	1
0.27	 0.50	1
0.35	 0.55	1
0.91	 0.87	1
0.92	 0.37	1
0.86	 0.34	1
0.43	 0.44	1
0.21	 0.33	1
0.94	 0.12	1
0.93	 0.40	1
0.89	 0.53	1
0.64	 0.78	1
0.57	 0.72	1
0.94	 0.81	1
0.80	 0.51	1
0.58	 0.07	1
0.70	 0.76	1
0.09	 0.21	1
0.02	 0.97	1
0.82	 0.12	1
0.10	 0.83	1
0.22	 0.54	1
0.42	 0.61	1
0.99	 0.92	1
0.99	 0.68	1
0.35	 0.72	1
0.21	 1.00	1
0.81	 0.01	1
0.57	 0.50	1
0.74	 0.96	1
0.03	 0.43	1
0.89	 0.58	1
0.54	 0.04	1
0.38	 0.09	1
0.39	 0.05	1
0.95	 0.37	1
0.68	 0.32	1
0.53	 0.38	1
0.20	 0.09	1
0.43	 0.43	1
0.28	 0.24	1
0.52	 0.89	1
0.14	 0.84	1
0.45	 0.05	1
0.61	 0.05	1
0.01	 0.98	1
0.56	 0.07	1
0.55	 0.83	1
0.74	 0.82	1
0.51	 0.00	1
0.15	 0.66	1
0.36	 0.52	1
0.85	 0.31	1
10.31	 10.47	2
10.74	 10.27	2
10.29	 10.08	2
10.18	 10.11	2
10.66	 10.15	2
10.73	 10.15	2
10.11	 10.10	2
10.12	 10.95	2
10.46	 10.19	2
10.18	 10.45	2
10.36	 10.20	2
10.46	 10.70	2
10.75	 10.14	2
10.69	 10.67	2
10.41	 10.36	2
10.60	 10.66	2
10.33	 10.94	2
10.42	 10.01	2
10.52	 10.58	2
10.11	 10.78	2
10.56	 10.94	2
10.85	 10.55	2
10.98	 10.75	2
10.64	 10.44	2
10.46	 10.63	2
10.45	 10.62	2
10.72	 10.07	2
10.31	 10.17	2
10.06	 10.79	2
10.52	 10.62	2
10.09	 10.14	2
10.40	 10.73	2
10.27	 10.15	2
10.08	 10.86	2
10.43	 10.25	2
10.42	 10.90	2
10.50	 10.21	2
10.33	 10.65	2
10.63	 10.74	2
10.26	 10.40	2
10.89	 10.27	2
10.38	 10.84	2
10.35	 10.50	2
10.39	 10.62	2
10.50	 10.87	2
10.73	 10.48	2
10.02	 10.38	2
10.00	 10.90	2
10.19	 10.85	2
10.03	 10.92	2
10.85	 10.95	2
10.37	 10.11	2
10.36	 10.41	2
10.21	 10.87	2
10.42	 10.87	2
10.83	 10.10	2
10.00	 10.39	2
10.44	 10.80	2
10.96	 11.00	2
10.33	 10.94	2
10.51	 10.80	2
10.96	 10.36	2
10.11	 10.19	2
10.08	 10.12	2
10.36	 10.13	2
10.49	 10.82	2
10.90	 10.49	2
10.53	 10.69	2
10.94	 10.55	2
10.82	 10.83	2
10.42	 10.14	2
10.09	 10.53	2
10.09	 10.61	2
10.42	 10.68	2
10.99	 10.13	2
10.69	 10.33	2
10.68	 10.14	2
10.95	 10.97	2
10.47	 10.07	2
10.20	 10.92	2
10.47	 10.58	2
10.75	 10.95	2
10.39	 10.46	2
10.07	 10.04	2
10.45	 10.79	2
10.60	 10.97	2
10.84	 10.20	2
10.49	 10.10	2
10.82	 10.40	2
10.93	 10.17	2
10.86	 10.20	2
10.96	 10.61	2
10.31	 10.34	2
10.46	 10.15	2
10.05	 10.26	2
10.36	 10.26	2
10.02	 10.92	2
10.86	 10.23	2
10.37	 10.26	2
10.38	 10.86	2
