2.35	0.67	1
0.02	2.34	1
0.52	1.24	1
0.92	0.93	1
0.92	1.72	1
2.95	1.36	1
2.75	2.22	1
0.14	1.57	1
0.21	0.80	1
2.28	2.15	1
2.08	2.01	1
0.44	1.04	1
0.93	0.95	1
2.46	2.75	1
0.63	2.29	1
1.87	0.25	1
2.12	1.98	1
0.20	1.23	1
0.04	0.42	1
1.63	1.43	1
2.77	0.98	1
1.50	2.49	1
2.09	0.99	1
2.24	2.96	1
0.40	1.79	1
1.26	2.41	1
0.69	1.28	1
2.74	2.33	1
1.66	1.62	1
2.72	1.70	1
0.71	2.41	1
0.86	1.73	1
1.41	0.74	1
1.95	1.98	1
1.07	0.89	1
2.32	1.27	1
2.49	0.14	1
0.07	0.09	1
1.72	1.26	1
0.73	1.66	1
0.58	2.02	1
1.78	0.29	1
1.23	2.93	1
1.22	1.69	1
2.51	0.67	1
1.09	2.75	1
1.46	2.38	1
1.15	0.69	1
1.10	1.40	1
0.18	0.73	1
2.14	0.09	1
0.36	2.22	1
0.53	2.97	1
0.83	0.29	1
2.41	0.63	1
2.45	2.83	1
1.18	1.46	1
1.34	1.71	1
2.72	0.55	1
2.57	1.92	1
1.04	1.45	1
2.00	1.05	1
0.45	0.24	1
1.79	2.84	1
1.78	1.49	1
1.17	1.58	1
2.98	2.85	1
2.71	2.48	1
0.46	2.25	1
1.70	1.86	1
2.00	1.66	1
2.73	1.94	1
0.01	0.64	1
0.75	2.43	1
1.03	0.60	1
0.58	2.69	1
2.45	0.62	1
2.73	1.16	1
1.70	2.78	1
2.84	2.14	1
1.37	1.09	1
0.54	1.36	1
0.20	0.96	1
2.79	1.84	1
1.87	2.48	1
2.20	2.04	1
1.08	1.26	1
0.37	0.08	1
2.18	0.53	1
0.38	0.24	1
1.04	0.88	1
1.47	2.37	1
0.76	2.58	1
0.28	2.08	1
0.71	2.14	1
2.54	2.18	1
2.37	0.02	1
2.75	0.82	1
0.42	1.66	1
0.98	0.57	1
4.33	4.92	2
4.20	3.80	2
3.29	2.05	2
3.84	4.13	2
2.20	4.93	2
2.72	3.16	2
4.33	2.85	2
4.61	3.43	2
2.91	4.07	2
4.46	4.46	2
2.43	2.38	2
2.04	2.34	2
2.11	4.65	2
4.24	2.45	2
3.86	2.41	2
2.22	2.58	2
4.57	4.01	2
2.34	4.89	2
2.51	4.28	2
2.37	4.92	2
4.06	3.32	2
3.43	4.60	2
2.42	2.15	2
4.98	3.79	2
3.44	3.02	2
2.25	3.70	2
2.33	4.36	2
2.24	2.16	2
3.73	2.82	2
4.05	4.91	2
2.25	4.35	2
3.00	2.79	2
4.92	2.91	2
4.66	2.09	2
3.35	4.84	2
4.81	3.89	2
3.01	3.79	2
4.84	2.43	2
3.69	2.73	2
2.06	3.84	2
2.41	2.63	2
2.00	3.79	2
2.80	3.35	2
4.53	2.05	2
4.54	4.63	2
3.18	3.91	2
3.76	3.89	2
4.64	3.66	2
2.91	4.23	2
2.96	3.97	2
2.87	4.62	2
2.80	3.22	2
2.17	3.93	2
3.31	2.98	2
4.93	3.24	2
3.15	4.35	2
2.86	2.28	2
2.31	4.56	2
4.76	4.79	2
3.42	2.98	2
2.12	2.14	2
3.70	4.53	2
3.50	3.38	2
4.11	4.93	2
4.34	4.37	2
2.08	4.07	2
2.59	4.57	2
3.37	3.30	2
3.13	3.36	2
4.89	3.19	2
4.58	2.36	2
2.71	4.65	2
2.84	3.63	2
2.17	2.19	2
4.43	3.37	2
3.89	4.43	2
3.48	3.58	2
2.36	2.72	2
4.92	3.11	2
4.62	4.94	2
3.54	3.86	2
3.56	4.76	2
2.14	2.05	2
3.49	4.68	2
2.18	2.90	2
2.85	3.45	2
3.44	3.34	2
3.80	4.08	2
4.70	2.07	2
2.50	4.31	2
2.51	3.33	2
4.73	4.88	2
2.71	3.89	2
4.02	3.03	2
3.19	3.72	2
4.33	4.02	2
4.84	4.42	2
2.84	3.15	2
2.81	3.78	2
4.99	3.95	2
